	V1	V2	V3	V4	V5	V6	V7	V8	V9	V10	V11	V12	V13	V14	V15	V16	V17	V18	V19	V20	V21	V22	V23	V24	V25	V26	V27	V28	V29	V30	V31	V32	V33	V34	V35	V36	V37	V38	V39	V40	V41	V42	V43	V44	V45	V46	V47	V48	V49	V50	V51	V52	V53	V54	V55	V56	V57	V58	V59	V60	V61	V62	V63
1	0	22346	21407	22411	22340	22473	21661	22337	21383	21384	21385	21381	21382	21650	21381	22340	22338	22419	22366	22351	22336	22337	22348	22338	22477	21648	21650	21380	21457	21420	22336	22339	21385	21408	21385	21387	22338	21388	21384	22429	22426	22429	22411	22409	21849	22160	22468	29385	22469	22428	21459	22117	22278	22282	22263	22262	22263	22402	22289	22286	21319	21852	21851
2	22346	0	21760	21825	92	22305	22303	88	21747	21747	21745	21748	21750	22291	21755	21969	21968	398	225	161	92	90	171	121	22307	22292	22291	21748	21827	21780	21965	92	21747	21782	21747	21748	96	21750	21745	21418	21422	21418	22487	22490	21401	22224	21530	29190	21383	21609	22336	22307	317	321	22171	22158	22165	21465	324	296	21938	21395	21395
3	21407	21760	0	22116	21757	22306	21307	21757	126	126	127	130	133	21298	168	21757	21759	21822	21774	21769	21760	21761	21769	21768	22304	21300	21305	135	395	237	21763	21756	135	251	130	131	21755	133	135	22115	22122	22122	22486	22489	22353	22349	22365	29062	22087	22450	21536	22435	21937	21937	21952	21950	21951	22169	21939	21932	337	22352	22351
4	22411	21825	22116	0	21867	21614	22386	21868	22100	22100	22101	22100	22099	22435	22107	21429	21431	21578	21762	21797	21867	21868	21792	21837	21609	22435	22437	22096	22181	22132	21431	21870	22104	22128	22102	22098	21870	22104	22096	22555	22561	22555	21797	21794	22475	21364	22397	28550	22514	22549	22369	21516	22056	22064	21617	21612	21619	22612	22060	22053	22290	22478	22472
5	22340	92	21757	21867	0	22288	22298	18	21744	21743	21740	21741	21744	22284	21750	21962	21961	331	155	89	21	29	101	58	22292	22285	22284	21742	21821	21773	21955	25	21742	21777	21743	21742	29	21742	21737	21411	21415	21411	22470	22473	21384	22213	21514	29193	21378	21593	22328	22297	252	254	22160	22148	22155	21459	258	227	21933	21378	21378
6	22473	22305	22306	21614	22288	0	21753	22286	22283	22283	22286	22285	22285	21743	22288	21279	21279	22361	22313	22305	22289	22292	22301	22298	24	21743	21744	22283	22359	22325	21276	22290	22286	22313	22290	22284	22289	22282	22285	22100	22102	22099	240	233	22465	21329	21789	27495	22059	21879	22028	21418	22476	22474	21463	21458	21464	22150	22477	22472	22465	22475	22474
7	21661	22303	21307	22386	22298	21753	0	22295	21285	21286	21285	21288	21283	66	21287	21974	21974	22313	22264	22256	22294	22298	22253	22267	21755	73	82	21285	21352	21322	21973	22299	21285	21323	21286	21283	22293	21291	21286	21880	21887	21876	21942	21945	22491	22289	21970	29030	21851	22127	21344	22437	22480	22479	22168	22168	22170	21937	22473	22480	21470	22486	22486
8	22337	88	21757	21868	18	22286	22295	0	21741	21740	21738	21741	21744	22281	21748	21958	21957	325	154	88	19	23	96	56	22290	22282	22281	21742	21821	21774	21950	21	21741	21777	21742	21742	28	21744	21739	21410	21414	21410	22469	22472	21384	22212	21513	29192	21377	21593	22329	22296	248	250	22157	22145	22152	21456	254	224	21933	21378	21378
9	21383	21747	126	22100	21744	22283	21285	21741	0	8	14	17	19	21274	56	21741	21742	21808	21762	21754	21746	21747	21755	21753	22281	21278	21283	22	283	126	21746	21743	21	141	18	18	21742	27	25	22097	22104	22104	22462	22465	22340	22328	22340	29155	22067	22425	21510	22413	21924	21924	21935	21932	21933	22151	21927	21920	235	22338	22338
10	21384	21747	126	22100	21743	22283	21286	21740	8	0	11	16	19	21274	53	21741	21742	21807	21760	21754	21745	21745	21754	21752	22281	21277	21282	21	283	125	21746	21743	21	140	20	19	21740	26	25	22097	22104	22104	22462	22465	22337	22328	22341	29155	22069	22426	21509	22413	21924	21923	21934	21932	21933	22153	21925	21918	235	22335	22335
11	21385	21745	127	22101	21740	22286	21285	21738	14	11	0	18	23	21274	59	21743	21744	21804	21758	21751	21741	21743	21751	21749	22284	21278	21283	25	287	128	21747	21740	25	144	22	23	21738	29	28	22098	22105	22105	22464	22467	22340	22328	22343	29156	22069	22428	21509	22414	21921	21919	21936	21934	21935	22153	21922	21915	238	22338	22338
12	21381	21748	130	22100	21741	22285	21288	21741	17	16	18	0	19	21273	59	21744	21745	21807	21760	21753	21744	21745	21751	21751	22282	21278	21283	25	285	127	21744	21742	26	145	23	26	21739	26	26	22098	22105	22105	22462	22465	22337	22326	22343	29156	22068	22427	21508	22412	21923	21920	21935	21933	21935	22153	21924	21917	237	22337	22336
13	21382	21750	133	22099	21744	22285	21283	21744	19	19	23	19	0	21271	59	21737	21738	21810	21763	21755	21748	21749	21754	21754	22283	21274	21279	31	288	130	21742	21745	30	149	27	29	21742	31	29	22095	22102	22102	22462	22465	22338	22325	22345	29157	22066	22430	21513	22411	21926	21923	21931	21927	21928	22150	21926	21919	241	22338	22337
14	21650	22291	21298	22435	22284	21743	66	22281	21274	21274	21274	21273	21271	0	21276	21961	21962	22361	22312	22304	22281	22284	22299	22283	21742	22	31	21273	21340	21311	21956	22285	21273	21311	21277	21272	22278	21278	21274	21871	21878	21867	21928	21931	22481	22339	22018	29079	21842	22108	21336	22424	22466	22465	22152	22153	22156	21926	22459	22466	21459	22476	22477
15	21381	21755	168	22107	21750	22288	21287	21748	56	53	59	59	59	21276	0	21748	21749	21814	21768	21760	21752	21753	21761	21760	22287	21278	21282	66	327	168	21754	21749	67	176	64	64	21748	70	67	22103	22104	22110	22467	22470	22340	22325	22344	29153	22075	22430	21507	22411	21924	21923	21935	21933	21934	22152	21924	21925	264	22340	22339
16	22340	21969	21757	21429	21962	21279	21974	21958	21741	21741	21743	21744	21737	21961	21748	0	10	22032	21987	21978	21956	21962	21983	21968	21279	21960	21963	21741	21823	21777	22	21956	21737	21785	21742	21743	21957	21740	21746	21882	21889	21881	21464	21461	22460	21514	22337	29082	21844	22418	22349	21602	22150	22150	260	243	245	21934	22150	22148	21921	22457	22455
17	22338	21968	21759	21431	21961	21279	21974	21957	21742	21742	21744	21745	21738	21962	21749	10	0	22031	21986	21977	21955	21961	21982	21967	21280	21961	21964	21742	21824	21778	23	21955	21738	21786	21743	21745	21956	21742	21747	21882	21888	21880	21465	21462	22461	21511	22338	29082	21842	22417	22345	21599	22149	22149	263	243	247	21933	22149	22147	21922	22458	22456
18	22419	398	21822	21578	331	22361	22313	325	21808	21807	21804	21807	21810	22361	21814	22032	22031	0	205	256	330	335	256	306	22365	22362	22361	21806	21886	21839	22024	332	21806	21842	21808	21808	339	21809	21804	21483	21487	21483	22545	22548	21467	22214	21512	28906	21448	21660	22413	22370	553	550	22229	22219	22224	21532	551	533	21997	21461	21462
19	22366	225	21774	21762	155	22313	22264	154	21762	21760	21758	21760	21763	22312	21768	21987	21986	205	0	81	156	161	84	133	22315	22313	22312	21760	21839	21792	21981	156	21759	21795	21761	21759	165	21762	21757	21436	21440	21436	22498	22501	21408	22163	21467	29086	21402	21614	22363	22319	379	378	22187	22175	22181	21485	380	359	21951	21401	21402
20	22351	161	21769	21797	89	22305	22256	88	21754	21754	21751	21753	21755	22304	21760	21978	21977	256	81	0	85	95	28	65	22308	22304	22303	21753	21831	21784	21972	94	21752	21789	21753	21752	99	21755	21750	21423	21427	21423	22489	22492	21403	22157	21462	29124	21389	21609	22345	22314	320	322	22178	22166	22172	21471	325	295	21944	21397	21397
21	22336	92	21760	21867	21	22289	22294	19	21746	21745	21741	21744	21748	22281	21752	21956	21955	330	156	85	0	24	98	56	22292	22282	22281	21744	21823	21775	21949	24	21745	21780	21745	21745	31	21747	21741	21412	21416	21412	22469	22472	21385	22213	21516	29191	21379	21594	22330	22297	249	254	22154	22142	22149	21460	258	227	21935	21379	21379
22	22337	90	21761	21868	29	22292	22298	23	21747	21745	21743	21745	21749	22284	21753	21962	21961	335	161	95	24	0	100	51	22295	22286	22285	21745	21824	21778	21954	31	21745	21780	21746	21746	37	21747	21743	21413	21417	21413	22473	22476	21385	22209	21511	29193	21379	21589	22331	22293	257	258	22158	22147	22154	21459	262	234	21936	21379	21379
23	22348	171	21769	21792	101	22301	22253	96	21755	21754	21751	21751	21754	22299	21761	21983	21982	256	84	28	98	100	0	72	22303	22301	22300	21752	21831	21785	21974	105	21751	21788	21754	21754	109	21753	21749	21430	21434	21430	22485	22488	21405	22163	21463	29119	21396	21611	22353	22320	329	332	22181	22170	22176	21478	336	306	21944	21399	21399
24	22338	121	21768	21837	58	22298	22267	56	21753	21752	21749	21751	21754	22283	21760	21968	21967	306	133	65	56	51	72	0	22301	22285	22284	21752	21831	21784	21961	61	21751	21787	21751	21751	64	21753	21748	21420	21424	21420	22482	22485	21400	22183	21487	29164	21385	21601	22340	22302	288	288	22166	22154	22160	21467	293	264	21943	21394	21394
25	22477	22307	22304	21609	22292	24	21755	22290	22281	22281	22284	22282	22283	21742	22287	21279	21280	22365	22315	22308	22292	22295	22303	22301	0	21743	21745	22280	22356	22323	21276	22293	22282	22310	22288	22282	22292	22279	22283	22101	22104	22102	240	232	22465	21324	21792	27495	22061	21881	22027	21413	22479	22477	21463	21459	21465	22152	22480	22475	22464	22475	22474
26	21648	22292	21300	22435	22285	21743	73	22282	21278	21277	21278	21278	21274	22	21278	21960	21961	22362	22313	22304	22282	22286	22301	22285	21743	0	30	21276	21342	21312	21957	22286	21276	21315	21280	21276	22279	21281	21276	21870	21877	21865	21930	21933	22482	22335	22018	29080	21842	22109	21342	22421	22467	22466	22152	22153	22155	21926	22460	22467	21461	22478	22478
27	21650	22291	21305	22437	22284	21744	82	22281	21283	21282	21283	21283	21279	31	21282	21963	21964	22361	22312	22303	22281	22285	22300	22284	21745	30	0	21281	21347	21317	21960	22285	21281	21321	21285	21281	22278	21286	21281	21873	21880	21868	21931	21934	22483	22334	22022	29080	21845	22113	21342	22420	22466	22465	22155	22156	22158	21929	22459	22466	21466	22479	22479
28	21380	21748	135	22096	21742	22283	21285	21742	22	21	25	25	31	21273	66	21741	21742	21806	21760	21753	21744	21745	21752	21752	22280	21276	21281	0	284	128	21742	21739	26	146	28	28	21739	33	29	22097	22104	22104	22461	22464	22338	22326	22344	29156	22068	22430	21507	22411	21922	21922	21932	21930	21932	22152	21925	21918	240	22337	22336
29	21457	21827	395	22181	21821	22359	21352	21821	283	283	287	285	288	21340	327	21823	21824	21886	21839	21831	21823	21824	21831	21831	22356	21342	21347	284	0	384	21822	21818	285	407	287	287	21818	292	289	22180	22187	22187	22537	22540	22406	22405	22403	29156	22151	22488	21590	22491	22001	22000	22013	22013	22014	22233	22003	21996	503	22406	22404
30	21420	21780	237	22132	21773	22325	21322	21774	126	125	128	127	130	21311	168	21777	21778	21839	21792	21784	21775	21778	21785	21784	22323	21312	21317	128	384	0	21777	21771	129	222	129	130	21771	133	125	22131	22138	22137	22503	22506	22375	22356	22374	29157	22101	22459	21544	22442	21954	21954	21969	21967	21968	22185	21956	21950	344	22374	22373
31	22336	21965	21763	21431	21955	21276	21973	21950	21746	21746	21747	21744	21742	21956	21754	22	23	22024	21981	21972	21949	21954	21974	21961	21276	21957	21960	21742	21822	21777	0	21946	21736	21787	21746	21747	21950	21743	21749	21881	21887	21879	21461	21458	22461	21513	22335	29086	21842	22414	22345	21601	22143	22142	266	248	253	21931	22143	22140	21925	22458	22456
32	22339	92	21756	21870	25	22290	22299	21	21743	21743	21740	21742	21745	22285	21749	21956	21955	332	156	94	24	31	105	61	22293	22286	22285	21739	21818	21771	21946	0	21739	21777	21742	21742	29	21743	21738	21410	21414	21410	22470	22473	21387	22211	21518	29194	21377	21597	22328	22295	243	252	22154	22142	22149	21456	258	231	21931	21381	21381
33	21385	21747	135	22104	21742	22286	21285	21741	21	21	25	26	30	21273	67	21737	21738	21806	21759	21752	21745	21745	21751	21751	22282	21276	21281	26	285	129	21736	21739	0	147	25	25	21739	32	31	22096	22103	22103	22464	22467	22342	22329	22341	29156	22066	22427	21510	22415	21922	21923	21928	21927	21928	22148	21925	21917	242	22341	22340
34	21408	21782	251	22128	21777	22313	21323	21777	141	140	144	145	149	21311	176	21785	21786	21842	21795	21789	21780	21780	21788	21787	22310	21315	21321	146	407	222	21787	21777	147	0	142	143	21774	150	145	22130	22133	22136	22492	22495	22359	22354	22374	29166	22099	22459	21544	22440	21953	21954	21968	21969	21970	22179	21956	21954	353	22358	22357
35	21385	21747	130	22102	21743	22290	21286	21742	18	20	22	23	27	21277	64	21742	21743	21808	21761	21753	21745	21746	21754	21751	22288	21280	21285	28	287	129	21746	21742	25	142	0	21	21739	29	27	22098	22105	22105	22468	22471	22343	22329	22343	29154	22067	22427	21511	22415	21922	21924	21935	21932	21933	22151	21925	21919	240	22342	22341
36	21387	21748	131	22098	21742	22284	21283	21742	18	19	23	26	29	21272	64	21743	21745	21808	21759	21752	21745	21746	21754	21751	22282	21276	21281	28	287	130	21747	21742	25	143	21	0	21739	30	29	22095	22102	22102	22465	22468	22334	22323	22339	29156	22066	22423	21508	22409	21923	21924	21936	21934	21935	22149	21926	21919	241	22333	22332
37	22338	96	21755	21870	29	22289	22293	28	21742	21740	21738	21739	21742	22278	21748	21957	21956	339	165	99	31	37	109	64	22292	22279	22278	21739	21818	21771	21950	29	21739	21774	21739	21739	0	21738	21733	21414	21418	21414	22469	22472	21391	22207	21518	29190	21380	21597	22331	22291	257	261	22154	22142	22149	21461	265	237	21929	21385	21385
38	21388	21750	133	22104	21742	22282	21291	21744	27	26	29	26	31	21278	70	21740	21742	21809	21762	21755	21747	21747	21753	21753	22279	21281	21286	33	292	133	21743	21743	32	150	29	30	21738	0	28	22097	22104	22104	22460	22463	22336	22328	22339	29155	22068	22424	21512	22414	21924	21924	21931	21930	21931	22151	21927	21920	245	22335	22334
39	21384	21745	135	22096	21737	22285	21286	21739	25	25	28	26	29	21274	67	21746	21747	21804	21757	21750	21741	21743	21749	21748	22283	21276	21281	29	289	125	21749	21738	31	145	27	29	21733	28	0	22101	22108	22108	22463	22466	22339	22330	22342	29156	22072	22428	21509	22416	21918	21919	21937	21935	21936	22155	21921	21915	242	22338	22337
40	22429	21418	22115	22555	21411	22100	21880	21410	22097	22097	22098	22098	22095	21871	22103	21882	21882	21483	21436	21423	21412	21413	21430	21420	22101	21870	21873	22097	22180	22131	21881	21410	22096	22130	22098	22095	21414	22097	22101	0	17	31	22108	22107	21607	22437	21423	29277	211	21377	22396	22393	21422	21422	21892	21893	21894	94	21418	21419	22107	21612	21611
41	22426	21422	22122	22561	21415	22102	21887	21414	22104	22104	22105	22105	22102	21878	22104	21889	21888	21487	21440	21427	21416	21417	21434	21424	22104	21877	21880	22104	22187	22138	21887	21414	22103	22133	22105	22102	21418	22104	22108	17	0	41	22111	22110	21603	22436	21427	29283	212	21379	22395	22392	21424	21424	21891	21891	21891	91	21420	21424	22108	21607	21606
42	22429	21418	22122	22555	21411	22099	21876	21410	22104	22104	22105	22105	22102	21867	22110	21881	21880	21483	21436	21423	21412	21413	21430	21420	22102	21865	21868	22104	22187	22137	21879	21410	22103	22136	22105	22102	21414	22104	22108	31	41	0	22111	22110	21604	22439	21422	29274	192	21379	22390	22398	21426	21426	21893	21892	21893	106	21422	21423	22115	21609	21608
43	22411	22487	22486	21797	22470	240	21942	22469	22462	22462	22464	22462	22462	21928	22467	21464	21465	22545	22498	22489	22469	22473	22485	22482	240	21930	21931	22461	22537	22503	21461	22470	22464	22492	22468	22465	22469	22460	22463	22108	22111	22111	0	11	22393	21471	21938	27685	22157	21893	22152	21429	22408	22406	21396	21391	21395	22077	22408	22403	22388	22400	22399
44	22409	22490	22489	21794	22473	233	21945	22472	22465	22465	22467	22465	22465	21931	22470	21461	21462	22548	22501	22492	22472	22476	22488	22485	232	21933	21934	22464	22540	22506	21458	22473	22467	22495	22471	22468	22472	22463	22466	22107	22110	22110	11	0	22393	21469	21936	27685	22155	21891	22150	21427	22411	22409	21393	21388	21392	22076	22411	22406	22391	22400	22400
45	21849	21401	22353	22475	21384	22465	22491	21384	22340	22337	22340	22337	22338	22481	22340	22460	22461	21467	21408	21403	21385	21385	21405	21400	22465	22482	22483	22338	22406	22375	22461	21387	22342	22359	22343	22334	21391	22336	22339	21607	21603	21604	22393	22393	0	21937	21471	29341	21651	21434	22141	21894	21326	21318	22400	22393	22398	21571	21318	21327	22263	59	59
46	22160	22224	22349	21364	22213	21329	22289	22212	22328	22328	22328	22326	22325	22339	22325	21514	21511	22214	22163	22157	22213	22209	22163	22183	21324	22335	22334	22326	22405	22356	21513	22211	22329	22354	22329	22323	22207	22328	22330	22437	22436	22439	21471	21469	21937	0	21960	29074	22402	22110	21844	188	22349	22344	21640	21643	21646	22484	22346	22345	22461	21954	21952
47	22468	21530	22365	22397	21514	21789	21970	21513	22340	22341	22343	22343	22345	22018	22344	22337	22338	21512	21467	21462	21516	21511	21463	21487	21792	22018	22022	22344	22403	22374	22335	21518	22341	22374	22343	22339	21518	22339	22342	21423	21427	21422	21938	21936	21471	21960	0	29065	21378	215	21843	22110	21649	21643	22474	22467	22470	21467	21643	21651	22479	21473	21472
48	29385	29190	29062	28550	29193	27495	29030	29192	29155	29155	29156	29156	29157	29079	29153	29082	29082	28906	29086	29124	29191	29193	29119	29164	27495	29080	29080	29156	29156	29157	29086	29194	29156	29166	29154	29156	29190	29155	29156	29277	29283	29274	27685	27685	29341	29074	29065	0	29227	29220	29194	29228	29377	29387	29279	29278	29279	29332	29384	29378	29350	29351	29352
49	22469	21383	22087	22514	21378	22059	21851	21377	22067	22069	22069	22068	22066	21842	22075	21844	21842	21448	21402	21389	21379	21379	21396	21385	22061	21842	21845	22068	22151	22101	21842	21377	22066	22099	22067	22066	21380	22068	22072	211	212	192	22157	22155	21651	22402	21378	29227	0	21395	22349	22431	21469	21469	21933	21932	21935	273	21465	21468	22161	21653	21653
50	22428	21609	22450	22549	21593	21879	22127	21593	22425	22426	22428	22427	22430	22108	22430	22418	22417	21660	21614	21609	21594	21589	21611	21601	21881	22109	22113	22430	22488	22459	22414	21597	22427	22459	22427	22423	21597	22424	22428	21377	21379	21379	21893	21891	21434	22110	215	29220	21395	0	21866	22060	21605	21599	22423	22415	22418	21423	21599	21608	22435	21435	21433
51	21459	22336	21536	22369	22328	22028	21344	22329	21510	21509	21509	21508	21513	21336	21507	22349	22345	22413	22363	22345	22330	22331	22353	22340	22027	21342	21342	21507	21590	21544	22345	22328	21510	21544	21511	21508	22331	21512	21509	22396	22395	22390	22152	22150	22141	21844	21843	29194	22349	21866	0	21873	22440	22441	22462	22464	22464	22445	22440	22445	21628	22148	22145
52	22117	22307	22435	21516	22297	21418	22437	22296	22413	22413	22414	22412	22411	22424	22411	21602	21599	22370	22319	22314	22297	22293	22320	22302	21413	22421	22420	22411	22491	22442	21601	22295	22415	22440	22415	22409	22291	22414	22416	22393	22392	22398	21429	21427	21894	188	22110	29228	22431	22060	21873	0	22299	22294	21601	21605	21606	22442	22295	22295	22426	21905	21902
53	22278	317	21937	22056	252	22476	22480	248	21924	21924	21921	21923	21926	22466	21924	22150	22149	553	379	320	249	257	329	288	22479	22467	22466	21922	22001	21954	22143	243	21922	21953	21922	21923	257	21924	21918	21422	21424	21426	22408	22411	21326	22349	21649	29377	21469	21605	22440	22299	0	47	22075	22064	22071	21382	50	43	21848	21318	21318
54	22282	321	21937	22064	254	22474	22479	250	21924	21923	21919	21920	21923	22465	21923	22150	22149	550	378	322	254	258	332	288	22477	22466	22465	21922	22000	21954	22142	252	21923	21954	21924	21924	261	21924	21919	21422	21424	21426	22406	22409	21318	22344	21643	29387	21469	21599	22441	22294	47	0	22075	22064	22071	21381	38	42	21848	21310	21310
55	22263	22171	21952	21617	22160	21463	22168	22157	21935	21934	21936	21935	21931	22152	21935	260	263	22229	22187	22178	22154	22158	22181	22166	21463	22152	22155	21932	22013	21969	266	22154	21928	21968	21935	21936	22154	21931	21937	21892	21891	21893	21396	21393	22400	21640	22474	29279	21933	22423	22462	21601	22075	22075	0	42	28	21849	22076	22078	21849	22397	22396
56	22262	22158	21950	21612	22148	21458	22168	22145	21932	21932	21934	21933	21927	22153	21933	243	243	22219	22175	22166	22142	22147	22170	22154	21459	22153	22156	21930	22013	21967	248	22142	21927	21969	21932	21934	22142	21930	21935	21893	21891	21892	21391	21388	22393	21643	22467	29278	21932	22415	22464	21605	22064	22064	42	0	22	21848	22065	22067	21847	22390	22388
57	22263	22165	21951	21619	22155	21464	22170	22152	21933	21933	21935	21935	21928	22156	21934	245	247	22224	22181	22172	22149	22154	22176	22160	21465	22155	22158	21932	22014	21968	253	22149	21928	21970	21933	21935	22149	21931	21936	21894	21891	21893	21395	21392	22398	21646	22470	29279	21935	22418	22464	21606	22071	22071	28	22	0	21850	22072	22074	21847	22395	22393
58	22402	21465	22169	22612	21459	22150	21937	21456	22151	22153	22153	22153	22150	21926	22152	21934	21933	21532	21485	21471	21460	21459	21478	21467	22152	21926	21929	22152	22233	22185	21931	21456	22148	22179	22151	22149	21461	22151	22155	94	91	106	22077	22076	21571	22484	21467	29332	273	21423	22445	22442	21382	21381	21849	21848	21850	0	21378	21383	22070	21576	21575
59	22289	324	21939	22060	258	22477	22473	254	21927	21925	21922	21924	21926	22459	21924	22150	22149	551	380	325	258	262	336	293	22480	22460	22459	21925	22003	21956	22143	258	21925	21956	21925	21926	265	21927	21921	21418	21420	21422	22408	22411	21318	22346	21643	29384	21465	21599	22440	22295	50	38	22076	22065	22072	21378	0	38	21850	21310	21310
60	22286	296	21932	22053	227	22472	22480	224	21920	21918	21915	21917	21919	22466	21925	22148	22147	533	359	295	227	234	306	264	22475	22467	22466	21918	21996	21950	22140	231	21917	21954	21919	21919	237	21920	21915	21419	21424	21423	22403	22406	21327	22345	21651	29378	21468	21608	22445	22295	43	42	22078	22067	22074	21383	38	0	21851	21318	21319
61	21319	21938	337	22290	21933	22465	21470	21933	235	235	238	237	241	21459	264	21921	21922	21997	21951	21944	21935	21936	21944	21943	22464	21461	21466	240	503	344	21925	21931	242	353	240	241	21929	245	242	22107	22108	22115	22388	22391	22263	22461	22479	29350	22161	22435	21628	22426	21848	21848	21849	21847	21847	22070	21850	21851	0	22262	22261
62	21852	21395	22352	22478	21378	22475	22486	21378	22338	22335	22338	22337	22338	22476	22340	22457	22458	21461	21401	21397	21379	21379	21399	21394	22475	22478	22479	22337	22406	22374	22458	21381	22341	22358	22342	22333	21385	22335	22338	21612	21607	21609	22400	22400	59	21954	21473	29351	21653	21435	22148	21905	21318	21310	22397	22390	22395	21576	21310	21318	22262	0	30
63	21851	21395	22351	22472	21378	22474	22486	21378	22338	22335	22338	22336	22337	22477	22339	22455	22456	21462	21402	21397	21379	21379	21399	21394	22474	22478	22479	22336	22404	22373	22456	21381	22340	22357	22341	22332	21385	22334	22337	21611	21606	21608	22399	22400	59	21952	21472	29352	21653	21433	22145	21902	21318	21310	22396	22388	22393	21575	21310	21319	22261	30	0
